           1            0            0            0            0            0            0            0            0            0 
           1        0.055            0            0            0            0            0            0            0            0 
           1      0.10945     0.003025            0            0            0            0            0            0            0 
           1     0.163219    0.0090145  0.000166375            0            0            0            0            0            0 
           1     0.216182    0.0178939  0.000660509  9.15063e-06            0            0            0            0            0 
           1     0.268214    0.0295753   0.00163766  4.53871e-05  5.03284e-07            0            0            0            0 
           1     0.319201    0.0439576   0.00324588  0.000134982  2.99454e-06  2.76806e-08            0            0            0 
           1     0.369031     0.060928   0.00562501  0.000312021  1.03873e-05  1.92104e-07  1.52244e-09            0            0 
           1     0.417599    0.0803624   0.00890577  0.000617809   2.7436e-05  7.61418e-07  1.20729e-08  8.37339e-11            0 
           1     0.464807     0.102126    0.0132088   0.00110021  6.11068e-05  2.26224e-06  5.38264e-08  7.46907e-10            0 
           1     0.510563     0.126075    0.0186442   0.00181295  0.000120906  5.59807e-06  1.77678e-07  3.69989e-09            0 
           1     0.554784     0.152056    0.0253102   0.00281481  0.000219157  1.21839e-05  4.83628e-07  1.34352e-08            0 
           1     0.597394      0.17991    0.0332936   0.00416886  0.000371231  2.40939e-05   1.1483e-06  3.99004e-08            0 
           1     0.638324     0.209469     0.042668   0.00594161  0.000595722   4.4219e-05  2.46019e-06  1.02658e-07            0 
           1     0.677515     0.240562    0.0534948   0.00820213  0.000914563  7.64308e-05  4.86301e-06  2.36942e-07            0 
           1     0.714914     0.273012    0.0658216    0.0110212    0.0013531  0.000125749  9.00742e-06  5.02038e-07            0 
           1      0.75048     0.306641    0.0796832    0.0144703   0.00194007  0.000198506  1.58109e-05  9.92426e-07            0 
           1     0.784176     0.341265    0.0951004    0.0186208    0.0027076  0.000302513   2.6526e-05   1.8521e-06            0 
           1     0.815977     0.376702     0.112081    0.0235433   0.00369106  0.000447213  4.28156e-05  3.29251e-06            0 
           1     0.845866      0.41277     0.130619    0.0293062    0.0049289  0.000643822   6.6836e-05  5.61445e-06            0 
           1     0.873833     0.449287     0.150697    0.0359754   0.00646248  0.000905466  0.000101325  9.23428e-06            0 
           1     0.899876     0.486074     0.172282    0.0436132   0.00833576   0.00124729  0.000149697  1.47148e-05            0 
           1     0.924004     0.522954      0.19533    0.0522774     0.010595   0.00168655  0.000216139   2.2801e-05            0 
           1     0.946231     0.559755     0.219787    0.0620211    0.0132884   0.00224268  0.000305711  3.44606e-05            0 
           1      0.96658     0.596309     0.245585    0.0728912    0.0164658   0.00293736  0.000424451  5.09302e-05            0 
           1      0.98508     0.632457     0.272646    0.0849284    0.0201779    0.0037945  0.000579469  7.37656e-05            0 
           1      1.00177     0.668043     0.300883    0.0981667    0.0244765   0.00484027  0.000779053  0.000104899            0 
           1      1.01669      0.70292     0.330199     0.112632    0.0294131   0.00610301   0.00103276  0.000146698            0 
           1      1.02989      0.73695     0.360489     0.128343    0.0350391   0.00761323   0.00135149  0.000202032            0 
           1      1.04143     0.770002     0.391641      0.14531     0.041405   0.00940343   0.00174761  0.000274344            0 
           1      1.05136     0.801957     0.423536     0.163534    0.0485598     0.011508   0.00223498  0.000367719            0 
