           0            0            0            0 
           0        1e-05        2e-05            0 
     1.2e-06      1.9e-05    4.035e-05            0 
   3.677e-06  2.70603e-05  6.09915e-05            0 
 7.49808e-06  3.42473e-05  8.18699e-05            0 
 1.27199e-05   4.0633e-05  0.000102935            0 
  1.9388e-05  4.62942e-05   0.00012414            0 
 2.75371e-05  5.13113e-05  0.000145445            0 
 3.71899e-05  5.57677e-05  0.000166813            0 
 4.83579e-05  5.97489e-05  0.000188212            0 
 6.10409e-05  6.33416e-05  0.000209616            0 
 7.52272e-05  6.66327e-05  0.000231004            0 
 9.08938e-05  6.97087e-05  0.000252358            0 
 0.000108007  7.26547e-05  0.000273669            0 
 0.000126522  7.55534e-05  0.000294928            0 
 0.000146386  7.84848e-05  0.000316134            0 
 0.000167533  8.15252e-05  0.000337289            0 
 0.000189892  8.47462e-05    0.0003584            0 
 0.000213383  8.82148e-05  0.000379478            0 
 0.000237918  9.19922e-05  0.000400535            0 
 0.000263404  9.61337e-05  0.000421589            0 
 0.000289741  0.000100688   0.00044266            0 
 0.000316828  0.000105697  0.000463771            0 
 0.000344557  0.000111196  0.000484947            0 
 0.000372821  0.000117212  0.000506213            0 
 0.000401508  0.000123766  0.000527598            0 
 0.000430511  0.000130869  0.000549129            0 
 0.000459718  0.000138528  0.000570836            0 
 0.000489024  0.000146739  0.000592746            0 
 0.000518323  0.000155495  0.000614889            0 
 0.000547515  0.000164777  0.000637293            0 
 0.000576503  0.000174565  0.000659983            0 
 0.000605196  0.000184827  0.000682984            0 
 0.000633511  0.000195531   0.00070632            0 
 0.000661368  0.000206634   0.00073001            0 
 0.000688697  0.000218093  0.000754075            0 
 0.000715437  0.000229857   0.00077853            0 
 0.000741532  0.000241873  0.000803386            0 
 0.000766937  0.000254086  0.000828656            0 
 0.000791616  0.000266438  0.000854344            0 
 0.000815542  0.000278867  0.000880454            0 
 0.000838697  0.000291312  0.000906988            0 
 0.000861071  0.000303713   0.00093394            0 
 0.000882667  0.000316008  0.000961305            0 
 0.000903493  0.000328135  0.000989072            0 
 0.000923567  0.000340038   0.00101723            0 
 0.000942916  0.000351658   0.00104576            0 
 0.000961575  0.000362943   0.00107464            0 
 0.000979586  0.000373841   0.00110386            0 
 0.000996998  0.000384307   0.00113338            0 
  0.00101387  0.000394296   0.00116318            0 
