           0            0            0            0            0            0 
           0            0            0            0            0            0 
           0            0            0            0            0            0 
           0            0            0            0            0            0 
           0            0            0            0            0            0 
           0            0            0            0            0            0 
           0            0            0            0            0            0 
           0            0            0            0            0            0 
           0            0            0            0            0            0 
           0            0            0            0            0            0 
           0            0            0            0            0            0 
           0            0            0            0            0            0 
           0            0            0            0            0            0 
 7.66218e-19            0            0            0            0            0 
 1.06351e-17   4.2142e-20            0            0            0            0 
 7.90569e-17  6.26651e-19  2.31781e-21            0            0            0 
 4.17783e-16  4.96841e-18  3.67605e-20  1.27479e-22            0            0 
 1.75884e-15  2.78951e-17   3.0965e-19  2.14803e-21  7.01137e-24            0 
 6.27036e-15  1.24339e-16  1.84069e-18   1.9157e-20  1.25083e-22  3.85625e-25 
 1.96577e-14  4.67882e-16  8.66004e-18  1.20198e-19  1.17745e-21  7.26133e-24 
 5.55875e-14  1.54399e-15  3.43015e-17  5.95245e-19  7.77622e-21  7.19474e-23 
 1.44376e-13  4.58432e-15  1.18851e-16  2.47553e-18  4.04337e-20  4.98901e-22 
  3.4909e-13  1.24738e-14  3.69688e-16  8.98576e-18  1.76161e-19  2.71757e-21 
 7.93969e-13  3.15324e-14  1.05165e-15  2.92208e-17  6.68494e-19  1.23778e-20 
 1.71252e-12   7.4838e-14   2.7741e-15  8.67391e-17   2.2684e-18   4.9013e-20 
 3.52599e-12  1.68153e-13  6.85854e-15  2.38345e-16  7.01416e-18  1.73246e-19 
 6.96745e-12  3.60093e-13  1.60277e-14  6.12866e-16  2.00452e-17  5.57133e-19 
 1.32723e-11   7.3898e-13  3.56449e-14  1.48736e-15  5.35273e-17  1.65346e-18 
 2.44639e-11  1.45996e-12  7.58655e-14  3.43054e-15  1.34722e-16  4.57897e-18 
 4.37713e-11  2.78746e-12   1.5525e-13  7.56278e-15  3.21849e-16  1.19369e-17 
 7.62293e-11  5.16002e-12  3.06668e-13  1.60114e-14  7.34046e-16  2.95019e-17 
 1.29523e-10  9.28724e-12  5.86682e-13   3.2685e-14  1.60601e-15  6.95328e-17 
 2.15155e-10  1.62917e-11  1.09014e-12  6.45534e-14   3.3845e-15  1.57049e-16 
 3.50041e-10  2.79133e-11  1.97238e-12  1.23713e-13  6.89402e-15  3.41336e-16 
 5.58644e-10  4.67976e-11  3.48232e-12  2.30647e-13   1.3614e-14  7.16418e-16 
 8.75814e-10  7.68984e-11  6.01099e-12  4.19256e-13  2.61312e-14  1.45651e-15 
 1.35049e-09  1.24029e-10  1.01614e-11  7.44491e-13  4.88634e-14  2.87589e-15 
  2.0505e-09  1.96608e-10  1.68479e-11  1.29373e-12  8.91923e-14  5.52779e-15 
 3.06871e-09  3.06662e-10  2.74346e-11  2.20341e-12  1.59207e-13  1.03642e-14 
 4.53078e-09  4.71139e-10  4.39275e-11  3.68312e-12  2.78336e-13  1.89896e-14 
 6.60492e-09  7.13644e-10  6.92352e-11  6.04977e-12  4.77269e-13  3.40554e-14 
 9.51405e-09  1.06666e-09  1.07521e-10  9.77573e-12  8.03701e-13  5.98656e-14 
 1.35507e-08  1.57443e-09  1.64672e-10  1.55555e-11  1.33064e-12  1.03288e-13 
 1.90953e-08  2.29657e-09  2.48919e-10   2.4397e-11  2.16823e-12  1.75113e-13 
 2.66384e-08  3.31264e-09  3.71643e-10   3.7746e-11  3.48051e-12  2.92035e-13 
 3.68074e-08   4.7279e-09  5.48424e-10  5.76523e-11  5.50859e-12  4.79537e-13 
 5.03981e-08  6.68035e-09   8.0038e-10  8.69912e-11   8.6028e-12     7.76e-13 
 6.84135e-08  9.34943e-09  1.15588e-09  1.29755e-10  1.32664e-11  1.23851e-12 
 9.21075e-08  1.29667e-08   1.6527e-09  1.91434e-10  2.02145e-11  1.95102e-12 
 1.23039e-07  1.78285e-08  2.34073e-09  2.79509e-10  3.04534e-11  3.03555e-12 
  1.6313e-07   2.4312e-08  3.28531e-09  4.04083e-10  4.53853e-11  4.66764e-12 
