           0            0            0            0 
           0            0            0            0 
           0            0            0            0 
           0            0            0            0 
 9.15063e-06            0            0            0 
 4.53871e-05  5.03284e-07            0            0 
 0.000134982  2.99454e-06  2.76806e-08            0 
 0.000312021  1.03873e-05  1.92104e-07  1.52244e-09 
 0.000617809   2.7436e-05  7.61418e-07  1.20729e-08 
  0.00110021  6.11068e-05  2.26224e-06  5.38264e-08 
  0.00181295  0.000120906  5.59807e-06  1.77678e-07 
  0.00281481  0.000219157  1.21839e-05  4.83628e-07 
  0.00416886  0.000371231  2.40939e-05   1.1483e-06 
  0.00594161  0.000595722   4.4219e-05  2.46019e-06 
  0.00820213  0.000914563  7.64308e-05  4.86302e-06 
   0.0110212    0.0013531  0.000125749  9.00743e-06 
   0.0144703   0.00194007  0.000198506   1.5811e-05 
   0.0186208    0.0027076  0.000302513  2.65261e-05 
   0.0235433   0.00369106  0.000447213  4.28159e-05 
   0.0293062    0.0049289  0.000643822  6.68367e-05 
   0.0359754   0.00646248  0.000905466  0.000101327 
   0.0436132   0.00833576   0.00124729    0.0001497 
   0.0522774     0.010595   0.00168655  0.000216145 
   0.0620211    0.0132884   0.00224268  0.000305722 
   0.0728912    0.0164658   0.00293736  0.000424471 
   0.0849284    0.0201779    0.0037945  0.000579505 
   0.0981667    0.0244765   0.00484026  0.000779113 
    0.112632    0.0294131   0.00610301   0.00103286 
    0.128343    0.0350391   0.00761322   0.00135166 
     0.14531     0.041405   0.00940341   0.00174787 
    0.163534    0.0485598     0.011508   0.00223538 
    0.183008    0.0565507    0.0139631   0.00282964 
    0.203715    0.0654223    0.0168064   0.00354771 
    0.225632    0.0752161    0.0200769   0.00440835 
    0.248724    0.0859703    0.0238147   0.00543194 
    0.272948    0.0977187    0.0280605   0.00664059 
    0.298252     0.110491    0.0328556   0.00805804 
    0.324578     0.124311    0.0382414   0.00970966 
    0.351857     0.139199    0.0442592    0.0116224 
    0.380015     0.155168    0.0509495    0.0138246 
    0.408968     0.172224    0.0583521    0.0163462 
    0.438629     0.190369    0.0665054    0.0192182 
    0.468901     0.209597    0.0754458    0.0224727 
    0.499685     0.229896    0.0852079     0.026143 
    0.530876     0.251245    0.0958237    0.0302628 
    0.562364     0.273619     0.107322    0.0348668 
    0.594039     0.296983     0.119729    0.0399896 
    0.625785     0.321298     0.133066    0.0456662 
    0.657486     0.346515     0.147352    0.0519312 
    0.689026     0.372581       0.1626     0.058819 
    0.720288     0.399434     0.178819     0.066363 
