       0.001            0            0            0            0            0 
    0.001001      6.5e-05        1e-05        1e-05        1e-05        1e-05 
    0.001004  0.000128955   2.3025e-05        2e-05        2e-05        2e-05 
    0.001009  0.000191849  3.89873e-05  3.01664e-05        3e-05        3e-05 
    0.001016  0.000253671  5.77916e-05   4.0659e-05  4.00092e-05        4e-05 
    0.001025  0.000314414   7.9336e-05  5.16305e-05  5.00453e-05  5.00005e-05 
    0.001036  0.000374075  0.000103512  6.32257e-05  6.01345e-05   6.0003e-05 
    0.001049  0.000432656  0.000130206  7.55805e-05  7.03104e-05  7.00104e-05 
    0.001064  0.000490165  0.000159299  8.88221e-05  8.06138e-05  8.00273e-05 
    0.001081  0.000546615  0.000190668  0.000103068  9.10916e-05  9.00608e-05 
      0.0011  0.000602024  0.000224187  0.000118425  0.000101797   0.00010012 
    0.001121  0.000656415  0.000259727   0.00013499  0.000112787  0.000110217 
    0.001144  0.000709818  0.000297158  0.000152849  0.000124123  0.000120368 
    0.001169  0.000762268  0.000336349  0.000172079  0.000135872   0.00013059 
    0.001196  0.000813805  0.000377166  0.000192743  0.000148101  0.000140905 
    0.001225  0.000864474   0.00041948  0.000214895  0.000160881  0.000151338 
    0.001256  0.000914328  0.000463161  0.000238578  0.000174281  0.000161918 
    0.001289  0.000963422  0.000508082  0.000263824  0.000188374  0.000172675 
    0.001324   0.00101182  0.000554117  0.000290653   0.00020323  0.000183645 
    0.001361   0.00105959  0.000601147  0.000319078  0.000218919  0.000194867 
      0.0014   0.00110679  0.000649054  0.000349099   0.00023551   0.00020638 
    0.001441   0.00115352  0.000697728  0.000380708  0.000253069  0.000218229 
    0.001484   0.00119984  0.000747062  0.000413887  0.000271657   0.00023046 
    0.001529   0.00124584  0.000796958  0.000448612  0.000291333  0.000243122 
    0.001576   0.00129162  0.000847322  0.000484849  0.000312153  0.000256264 
    0.001625   0.00133725  0.000898069  0.000522556  0.000334166  0.000269939 
    0.001676   0.00138284  0.000949122  0.000561687  0.000357418    0.0002842 
    0.001729   0.00142848   0.00100041  0.000602188  0.000381948  0.000299101 
    0.001784   0.00147427   0.00105188  0.000644001  0.000407789  0.000314696 
    0.001841   0.00152032   0.00110346  0.000687064   0.00043497  0.000331039 
      0.0019   0.00156671   0.00115513   0.00073131  0.000463512  0.000348183 
    0.001961   0.00161356   0.00120684  0.000776671   0.00049343  0.000366182 
    0.002024   0.00166098   0.00125856  0.000823076  0.000524735  0.000385087 
    0.002089   0.00170905   0.00131029  0.000870453  0.000557428  0.000404948 
    0.002156   0.00175789   0.00136202   0.00091873  0.000591506  0.000425811 
    0.002225    0.0018076   0.00141374  0.000967836  0.000626959  0.000447723 
    0.002296   0.00185828   0.00146547    0.0010177  0.000663773  0.000470724 
    0.002369   0.00191004   0.00151722   0.00106825  0.000701926  0.000494854 
    0.002444   0.00196295   0.00156903   0.00111943  0.000741393  0.000520148 
    0.002521   0.00201714   0.00162093   0.00117117  0.000782141  0.000546638 
      0.0026   0.00207268   0.00167296   0.00122341  0.000824135   0.00057435 
    0.002681   0.00212967   0.00172517   0.00127611  0.000867336  0.000603307 
    0.002764    0.0021882   0.00177763    0.0013292    0.0009117  0.000633529 
    0.002849   0.00224834   0.00183039   0.00138265   0.00095718  0.000665029 
    0.002936   0.00231019   0.00188352   0.00143642   0.00100373  0.000697816 
    0.003025    0.0023738   0.00193711   0.00149048   0.00105129  0.000731895 
    0.003116   0.00243927   0.00199123   0.00154481   0.00109982  0.000767266 
    0.003209   0.00250665   0.00204596   0.00159939   0.00114926  0.000803924 
    0.003304   0.00257601   0.00210139   0.00165421   0.00119956   0.00084186 
    0.003401   0.00264741   0.00215762   0.00170926   0.00125066   0.00088106 
      0.0035    0.0027209   0.00221473   0.00176456   0.00130251  0.000921506 
